10
0.0 3.9905794413971076 6.023871050842366 7.4399547020148775 7.4399547020148775 6.023871050842366 5.447930326711773 5.526970561180047 6.023871050842366 4.194928477395896
3.9905794413971076 0.0 6.450994976312907 5.447930326711773 4.483618377038941 6.450994976312907 5.526970561180047 4.483618377038941 7.4399547020148775 6.023871050842366
6.023871050842366 6.450994976312907 0.0 5.526970561180047 5.5983591291573225 4.194928477395896 5.5983591291573225 4.194928477395896 7.4399547020148775 4.483618377038941
7.4399547020148775 5.447930326711773 5.526970561180047 0.0 4.194312329830535 7.4399547020148775 4.194928477395896 7.4399547020148775 5.526970561180047 4.194928477395896
7.4399547020148775 4.483618377038941 5.5983591291573225 4.194312329830535 0.0 5.447930326711773 4.194312329830535 3.9905794413971076 4.483618377038941 4.483618377038941
6.023871050842366 6.450994976312907 4.194928477395896 7.4399547020148775 5.447930326711773 0.0 5.447930326711773 5.447930326711773 7.4399547020148775 6.450994976312907
5.447930326711773 5.526970561180047 5.5983591291573225 4.194928477395896 4.194312329830535 5.447930326711773 0.0 4.194312329830535 5.447930326711773 6.023871050842366
5.526970561180047 4.483618377038941 4.194928477395896 7.4399547020148775 3.9905794413971076 5.447930326711773 4.194312329830535 0.0 5.5983591291573225 4.483618377038941
6.023871050842366 7.4399547020148775 7.4399547020148775 5.526970561180047 4.483618377038941 7.4399547020148775 5.447930326711773 5.5983591291573225 0.0 6.450994976312907
4.194928477395896 6.023871050842366 4.483618377038941 4.194928477395896 4.483618377038941 6.450994976312907 6.023871050842366 4.483618377038941 6.450994976312907 0.0
